[[[163 600]]

 [[162 601]]

 [[161 602]]

 [[161 603]]

 [[161 604]]

 [[161 605]]

 [[161 606]]

 [[160 607]]

 [[160 608]]

 [[160 609]]

 [[161 610]]

 [[161 611]]

 [[161 612]]

 [[161 613]]

 [[161 614]]

 [[161 615]]

 [[161 616]]

 [[161 617]]

 [[161 618]]

 [[161 619]]

 [[161 620]]

 [[161 621]]

 [[161 622]]

 [[161 623]]

 [[161 624]]

 [[161 625]]

 [[161 626]]

 [[161 627]]

 [[161 628]]

 [[161 629]]

 [[161 630]]

 [[161 631]]

 [[161 632]]

 [[161 633]]

 [[161 634]]

 [[161 635]]

 [[161 636]]

 [[161 637]]

 [[161 638]]

 [[161 639]]

 [[161 640]]

 [[161 641]]

 [[161 642]]

 [[161 643]]

 [[161 644]]

 [[161 645]]

 [[161 646]]

 [[161 647]]

 [[161 648]]

 [[162 649]]

 [[162 650]]

 [[162 651]]

 [[161 652]]

 [[161 653]]

 [[162 654]]

 [[162 655]]

 [[162 656]]

 [[162 657]]

 [[162 658]]

 [[162 659]]

 [[162 660]]

 [[162 661]]

 [[163 662]]

 [[164 663]]

 [[165 664]]

 [[166 664]]

 [[167 664]]

 [[168 664]]

 [[169 664]]

 [[170 664]]

 [[171 664]]

 [[172 664]]

 [[173 664]]

 [[174 664]]

 [[175 664]]

 [[176 664]]

 [[177 664]]

 [[178 664]]

 [[179 665]]

 [[180 665]]

 [[181 665]]

 [[182 665]]

 [[183 665]]

 [[184 665]]

 [[185 665]]

 [[186 665]]

 [[187 665]]

 [[188 665]]

 [[189 665]]

 [[190 665]]

 [[191 665]]

 [[192 665]]

 [[193 665]]

 [[194 665]]

 [[195 665]]

 [[196 665]]

 [[197 665]]

 [[198 665]]

 [[199 665]]

 [[200 665]]

 [[201 665]]

 [[202 665]]

 [[203 665]]

 [[204 665]]

 [[205 664]]

 [[206 664]]

 [[207 663]]

 [[207 662]]

 [[207 661]]

 [[208 660]]

 [[208 659]]

 [[208 658]]

 [[208 657]]

 [[208 656]]

 [[208 655]]

 [[208 654]]

 [[208 653]]

 [[208 652]]

 [[208 651]]

 [[208 650]]

 [[208 649]]

 [[208 648]]

 [[207 647]]

 [[207 646]]

 [[207 645]]

 [[207 644]]

 [[207 643]]

 [[207 642]]

 [[207 641]]

 [[207 640]]

 [[207 639]]

 [[207 638]]

 [[207 637]]

 [[207 636]]

 [[207 635]]

 [[207 634]]

 [[207 633]]

 [[207 632]]

 [[207 631]]

 [[207 630]]

 [[207 629]]

 [[207 628]]

 [[207 627]]

 [[207 626]]

 [[207 625]]

 [[207 624]]

 [[207 623]]

 [[207 622]]

 [[207 621]]

 [[207 620]]

 [[207 619]]

 [[207 618]]

 [[207 617]]

 [[207 616]]

 [[207 615]]

 [[207 614]]

 [[207 613]]

 [[207 612]]

 [[207 611]]

 [[207 610]]

 [[207 609]]

 [[207 608]]

 [[207 607]]

 [[207 606]]

 [[206 605]]

 [[206 604]]

 [[205 603]]

 [[205 602]]

 [[204 601]]

 [[203 600]]

 [[202 600]]

 [[201 600]]

 [[200 600]]

 [[199 600]]

 [[198 600]]

 [[197 600]]

 [[196 600]]

 [[195 600]]

 [[194 600]]

 [[193 600]]

 [[192 600]]

 [[191 600]]

 [[190 600]]

 [[189 600]]

 [[188 600]]

 [[187 600]]

 [[186 600]]

 [[185 600]]

 [[184 600]]

 [[183 600]]

 [[182 600]]

 [[181 600]]

 [[180 600]]

 [[179 600]]

 [[178 600]]

 [[177 600]]

 [[176 600]]

 [[175 600]]

 [[174 600]]

 [[173 600]]

 [[172 600]]

 [[171 600]]

 [[170 600]]

 [[169 600]]

 [[168 600]]

 [[167 600]]

 [[166 600]]

 [[165 600]]

 [[164 600]]]